#--------------------------------------------------------------------------------------------
# Left Camera Parameters.
#--------------------------------------------------------------------------------------------
image_topic: "/imu/imu"
model_type:   PINHOLE
camera_name:  camera
image_width:  1224
image_height: 1024

distortion_model: radial-tangential
distortion_parameters:
   k1: -0.054564387916302
   k2:  0.118401668712345
   k3: -0.034762741185600
   p1: -5.660201404086453e-05
   p2:  1.663858521146268e-04
projection_parameters:
   fx: 1.178885033542471e+03
   fy: 1.179140805904268e+03
   cx: 6.066447526169975e+02
   cy: 5.204657871771230e+02

#--------------------------------------------------------------------------------------------
# Right Camera Parameters.
#--------------------------------------------------------------------------------------------
image_topic: "/imu/imu"
model_type:   PINHOLE
camera_name:  camera
image_width:  1224
image_height: 1024

distortion_model: radial-tangential
distortion_parameters:
   k1: -0.054720755161749
   k2:  0.121867423561453
   k3: -0.044701434206636
   p1:  2.761411734940336e-04
   p2:  2.831601051633437e-04
projection_parameters:
   fx: 1.176065196992534e+03
   fy: 1.176141807045666e+03
   cx: 6.228164261295069e+02
   cy: 5.104913682341769e+02

#--------------------------------------------------------------------------------------------
# IMU noise
#--------------------------------------------------------------------------------------------
imu_topic: "/imu/imu"
# Standard deviation of the acceleration noise
accel_std: 1.0481546278947311e-02
# Standard deviation of the acceleration random walk noise
accel_rw:  1.8451561389195461e-04

# Standard deviation of the angular velocity noise
gyro_std: 9.6690835928856730e-03
# Standard deviation of the angular velocity random walk noise
gyro_std: 8.2887875865635737e-05

pointcloud_topic: "/os1_cloud_node1/points"    # Pointcloud topic

#--------------------------------------------------------------------------------------------
# LiDAR
#--------------------------------------------------------------------------------------------
# Resolution
VERT_RES: 16                           # number of lidar channel
HORZ_RES: 1024                         # lidar horizontal resolution

#--------------------------------------------------------------------------------------------
# Translation
#--------------------------------------------------------------------------------------------
T_IMU_CamL: !!opencv-matrix
   rows: 4
   cols: 4
   dt: d
   data: [ 0.00458595, -0.00877931,  0.99995095,  0.13519371,
          -0.99997425,  0.00548025,  0.00463417,  0.15905829,
          -0.00552066, -0.99994644, -0.00875395,  0.00537348,
           0.        ,  0.        ,  0.        ,  1.        ]
           
T_IMU_CamR: !!opencv-matrix
   rows: 4
   cols: 4
   dt: d
   data: [ 0.00166323, -0.01109482,  0.99993707,  0.13552398,
          -0.99999725,  0.00163484,  0.00168147, -0.19660059,
          -0.00165339, -0.99993711, -0.01109208,  0.01715528,
           0.        ,  0.        ,  0.        ,  1.        ]

T_IMU_LiDAR: !!opencv-matrix
   rows: 4
   cols: 4
   dt: d
   data: [0.9999,    0.0049,    0.0153,    0.0961,
         -0.0050,    1.0000,    0.0021,   -0.1338,
         -0.0153,   -0.0022,    0.9999,    0.3032,
               0,         0,         0,    1.0000]

# Units: millimeters
T_CamL_CamR: !!opencv-matrix
   rows: 4
   cols: 4
   dt: d
   data: [0.999990138204971, -0.004142930571516, -0.001599880958673, -3.600418222985426e+02,
          0.004140744662574,  0.999990492455605, -0.001367198608582,      0.322763790628999,
          0.001605529956646,  0.001360560427009,  0.999997785571990,     -0.731733357650102,
                          0,                  0,                   0,                      1 ]

# Units: meters
T_LiDAR_CamL: !!opencv-matrix
   rows: 4
   cols: 4
   dt: d
   data: [ 0.015753553147561, -7.635818523120196e-04,      0.999875613516992,  0.207272223676300,
          -0.999845585365175,      0.007775524201914,      0.015759018026405, -0.144175335092660,
          -0.007786590331980,     -0.999969478617293, -6.409718103341618e-04, -0.113604737811331,
                           0,                      0,                      0,                  1 ]

# Units: meters
T_LiDAR_CamR: !!opencv-matrix
   rows: 4
   cols: 4
   dt: d
   data: [ 0.016912636181191, -0.009021893309030,  0.999816267210393, -0.170469017605511,
          -0.999834178240196,  0.006599292877110,  0.016972488216956, -0.104760088943532,
          -0.006751204348502, -0.999937525435786, -0.008908785843321, -0.113293120993901,
                           0,                  0,                  0,                  1 ]
