#--------------------------------------------------------------------------------------------
# Left Camera Parameters.
#--------------------------------------------------------------------------------------------
image_topic: "/imu/imu"
model_type:   PINHOLE
camera_name:  camera
image_width:  1224
image_height: 1024

distortion_model: radial-tangential
distortion_parameters:
   k1: -0.056738764215225
   k2:  0.137664290829160
   k3: -0.076759610407123
   p1:  7.198625510080136e-04
   p2: -6.529195031528032e-05
projection_parameters:
   fx: 1.175503521179938e+03
   fy: 1.175686431236336e+03
   cx: 6.172508855428520e+02
   cy: 5.139372491002910e+02

#--------------------------------------------------------------------------------------------
# Right Camera Parameters.
#--------------------------------------------------------------------------------------------
image_topic: "/imu/imu"
model_type:   PINHOLE
camera_name:  camera
image_width:  1224
image_height: 1024

distortion_model: radial-tangential
distortion_parameters:
   k1: -0.054343089513739
   k2:  0.124767374404275
   k3: -0.055793413867641
   p1:  3.865228735010381e-04
   p2:  4.358777748140434e-04
projection_parameters:
   fx: 1.175954925506511e+03
   fy: 1.175522775650400e+03
   cx: 6.202439241110002e+02
   cy: 5.076918558635956e+02

#--------------------------------------------------------------------------------------------
# IMU noise
#--------------------------------------------------------------------------------------------
imu_topic: "/imu/imu"
# Standard deviation of the acceleration noise
accel_std: 1.1118983704388789e-02
# Standard deviation of the acceleration random walk noise
accel_rw:  1.5961182793700285e-04

# Standard deviation of the angular velocity noise
gyro_std: 9.6134865171113148e-03
# Standard deviation of the angular velocity random walk noise
gyro_std: 7.9993782046705285e-05

pointcloud_topic: "/os1_cloud_node1/points"    # Pointcloud topic

#--------------------------------------------------------------------------------------------
# LiDAR
#--------------------------------------------------------------------------------------------
# Resolution
VERT_RES: 16                           # number of lidar channel
HORZ_RES: 1024                         # lidar horizontal resolution

#--------------------------------------------------------------------------------------------
# Translation
#--------------------------------------------------------------------------------------------
T_IMU_CamL: !!opencv-matrix
   rows: 4
   cols: 4
   dt: d
   data: [ 0.00659583, -0.01827555,  0.99981123,  0.01352877,
          -0.9999241 , -0.0105253 ,  0.00640419,  0.04760199,
           0.01040628, -0.99977759, -0.01834358, -0.02028103,
           0.        ,  0.        ,  0.        ,  1.        ]

T_IMU_CamR: !!opencv-matrix
   rows: 4
   cols: 4
   dt: d
   data: [-0.0006109 , -0.01707006,  0.99985411,  0.01205106,
          -0.99986414, -0.01645893, -0.0008919 , -0.139614  ,
           0.01647176, -0.99971882, -0.01705769, -0.01740073,
           0.        ,  0.        ,  0.        ,  1.        ]

T_IMU_LiDAR: !!opencv-matrix
   rows: 4
   cols: 4
   dt: d
   data: [ 0.998638,  0.052001, -0.004278, -0.027172,
          -0.051937,  0.998554,  0.013900, -0.034873,
           0.004994, -0.013659,  0.999894,  0.062643,
           0.000000,  0.000000,  0.000000,  1.000000 ]

# Units: millimeters
T_CamL_CamR: !!opencv-matrix
   rows: 4
   cols: 4
   dt: d
   data: [0.999953258647297, -0.006521978004339, -0.007137529233766, -1.882764058565301e+02,
          0.006534469488055,  0.999977156765698,  0.001728194230878,     -1.342650956120860,
          0.007126094944752, -0.001774753419740,  0.999973034146990,     -1.381368066464593,
                          0,                  0,                   0,                      1 ]

# Units: meters
T_LiDAR_CamL: !!opencv-matrix
   rows: 4
   cols: 4
   dt: d
   data: [ 0.004932897859804, -0.007798013401450,  0.999957427846654,  0.128204832388984,
          -0.999986845320340, -0.001444039326857,  0.004921781861942, -0.072117720451154,
           0.001405597730074, -0.999968552374230, -0.007805034119587, -0.016442792467141,
                           0,                  0,                  0,                  1 ]

# Units: meters
T_LiDAR_CamL: !!opencv-matrix
   rows: 4
   cols: 4
   dt: d
   data: [-3.917776656846516e-04, -0.014129635269740,      0.999900094968195, -0.093082875898281,
              -0.999998607066688,  0.001627833361422, -3.688132745895997e-04, -0.034445897298470,
              -0.001622459535626, -0.999898846666847,     -0.014130253336855, -0.036829168163369,
                               0,                  0,                      0,                  1 ]
