#--------------------------------------------------------------------------------------------
# Left Camera Parameters.
#--------------------------------------------------------------------------------------------
image_topic: "/imu/imu"
model_type:   PINHOLE
camera_name:  camera
image_width:  1224
image_height: 1024

distortion_model: radial-tangential
distortion_parameters:
   k1: -0.058079349939181
   k2:  0.134502746395860
   k3: -0.067349697730475
   p1:  1.310282988798364e-05
   p2:  6.216594495554388e-04
projection_parameters:
   fx: 1.174433772943354e+03
   fy: 1.174477432586343e+03
   cx: 6.020977604990142e+02
   cy: 5.062372585153649e+02

#--------------------------------------------------------------------------------------------
# Right Camera Parameters.
#--------------------------------------------------------------------------------------------
image_topic: "/imu/imu"
model_type:   PINHOLE
camera_name:  camera
image_width:  1224
image_height: 1024

distortion_model: radial-tangential
distortion_parameters:
   k1: -0.058644887375808
   k2:  0.149069462821167
   k3: -0.108760788211026
   p1:  2.890617115514960e-05
   p2:  4.838792151696638e-04
projection_parameters:
   fx: 1.176913615863912e+03
   fy: 1.176842324939614e+03
   cx: 6.230737196158577e+02
   cy: 5.063413554799947e+02

#--------------------------------------------------------------------------------------------
# IMU noise
#--------------------------------------------------------------------------------------------
imu_topic: "/imu/imu"
# Standard deviation of the acceleration noise
accel_std: 5.5741025513357766e-03
# Standard deviation of the acceleration random walk noise
accel_rw:  1.2078671772058479e-04

# Standard deviation of the angular velocity noise
gyro_std: 5.1441059541810427e-03
# Standard deviation of the angular velocity random walk noise
gyro_std: 1.0881627554710405e-04

pointcloud_topic: "/os1_cloud_node1/points"    # Pointcloud topic

#--------------------------------------------------------------------------------------------
# LiDAR
#--------------------------------------------------------------------------------------------
# Resolution
VERT_RES: 16                           # number of lidar channel
HORZ_RES: 1024                         # lidar horizontal resolution

#--------------------------------------------------------------------------------------------
# Translation
#--------------------------------------------------------------------------------------------
T_IMU_CamL: !!opencv-matrix
   rows: 4
   cols: 4
   dt: d
   data: [ 0.00775254, -0.00773646,  0.99994002,  0.02005992,
          -0.99996315,  0.0036284 ,  0.00778079,  0.04730513,
          -0.00368837, -0.99996349, -0.00770804, -0.02083495,
           0.        ,  0.        ,  0.        ,  1.        ]
           
T_IMU_CamR: !!opencv-matrix
   rows: 4
   cols: 4
   dt: d
   data: [ 0.00386089, -0.01293611,  0.99990887,  0.02095892,
          -0.99999186, -0.00121993,  0.00384543, -0.14622788,
           0.00117008, -0.99991558, -0.01294072, -0.01963232,
           0.        ,  0.        ,  0.        ,  1.        ]

T_IMU_LiDAR: !!opencv-matrix
   rows: 4
   cols: 4
   dt: d
   data: [0.999620,  0.027463,  0.002445,  0.049258,
         -0.027517,  0.999299,  0.025398, -0.012500,
         -0.001746, -0.025456,  0.999674,  0.026946,
          0.000000,  0.000000,  0.000000,  1.000000]

# Units: millimeters
T_CamL_CamR: !!opencv-matrix
   rows: 4
   cols: 4
   dt: d
   data: [0.999971463362689, -0.005004307492694, -0.005659449337348, -1.884272993645592e+02,
          0.004906802308686,  0.999841515813437, -0.017113344120655,     -1.212775848500997,
          0.005744192840331,  0.017085085964286,  0.999837538846290,     -0.309301742119747,
                          0,                  0,                   0,                      1 ]

# Units: meters
T_LiDAR_CamL: !!opencv-matrix
   rows: 4
   cols: 4
   dt: d
   data: [ 0.030481734171511,  0.010470226985452, 0.999480484166034, -0.146576504981955,
          -0.999506201364453,  0.007952445317845, 0.030399211296810, -0.128483331053416,
          -0.007630027254127, -0.999913562744470, 0.010707461125845, -0.046813878676557,
                           0,                  0,                 0,                  1 ]

# Units: meters
T_LiDAR_CamL: !!opencv-matrix
   rows: 4
   cols: 4
   dt: d
   data: [ 0.033225369850445,  0.006707267838434, 0.999425378583336, -0.383896203674841,
          -0.998926384709321, -0.032076638257450, 0.033424051365231, -0.196553751813482,
           0.032282390398885, -0.999462906683507, 0.005634308643461, -0.148698549741010,
                           0,                  0,                 0,                  1 ]
